,Model,result,runtime(seconds)
0,Random_Forest_Classifier,"{'fit_time': array([0.01026773, 0.01441097, 0.00788569, 0.00749421, 0.00727725,
       0.00765181, 0.00900722, 0.00730896, 0.00710702, 0.00716901]), 'score_time': array([0., 0., 0., 0., 0., 0., 0., 0., 0., 0.]), 'test_F1': array([nan, nan, nan, nan, nan, nan, nan, nan, nan, nan]), 'train_F1': array([nan, nan, nan, nan, nan, nan, nan, nan, nan, nan]), 'test_kappa': array([nan, nan, nan, nan, nan, nan, nan, nan, nan, nan]), 'train_kappa': array([nan, nan, nan, nan, nan, nan, nan, nan, nan, nan])}",0.10438762499999399
1,Decison_tree_Classifier,"{'fit_time': array([0.00727415, 0.00766993, 0.00809121, 0.00828218, 0.00736904,
       0.00787568, 0.00736594, 0.00767994, 0.00717902, 0.00850892]), 'score_time': array([0., 0., 0., 0., 0., 0., 0., 0., 0., 0.]), 'test_F1': array([nan, nan, nan, nan, nan, nan, nan, nan, nan, nan]), 'train_F1': array([nan, nan, nan, nan, nan, nan, nan, nan, nan, nan]), 'test_kappa': array([nan, nan, nan, nan, nan, nan, nan, nan, nan, nan]), 'train_kappa': array([nan, nan, nan, nan, nan, nan, nan, nan, nan, nan])}",0.08829529199999797
2,Gradient_Boost_Classifier,"{'fit_time': array([0.00795889, 0.00806189, 0.00779009, 0.00851798, 0.00770378,
       0.00877786, 0.00794005, 0.00858426, 0.00823593, 0.00820994]), 'score_time': array([0., 0., 0., 0., 0., 0., 0., 0., 0., 0.]), 'test_F1': array([nan, nan, nan, nan, nan, nan, nan, nan, nan, nan]), 'train_F1': array([nan, nan, nan, nan, nan, nan, nan, nan, nan, nan]), 'test_kappa': array([nan, nan, nan, nan, nan, nan, nan, nan, nan, nan]), 'train_kappa': array([nan, nan, nan, nan, nan, nan, nan, nan, nan, nan])}",0.09495633400000258
3,Support_Vector_Clssifier,"{'fit_time': array([0.00717688, 0.00736403, 0.00727606, 0.00711012, 0.00721312,
       0.00710583, 0.00718641, 0.00715399, 0.00711393, 0.00724506]), 'score_time': array([0., 0., 0., 0., 0., 0., 0., 0., 0., 0.]), 'test_F1': array([nan, nan, nan, nan, nan, nan, nan, nan, nan, nan]), 'train_F1': array([nan, nan, nan, nan, nan, nan, nan, nan, nan, nan]), 'test_kappa': array([nan, nan, nan, nan, nan, nan, nan, nan, nan, nan]), 'train_kappa': array([nan, nan, nan, nan, nan, nan, nan, nan, nan, nan])}",0.08339408300000173
4,Random_Forest_Classifier,"{'fit_time': array([1.2285378 , 1.13342619, 1.12171578, 1.11477613, 1.13211107,
       1.11386895, 1.08600688, 1.11061478, 1.10049677, 1.08660889]), 'score_time': array([0.0588491 , 0.044945  , 0.04647708, 0.04769874, 0.05525088,
       0.04471922, 0.04495716, 0.04493213, 0.04460025, 0.04512906]), 'test_F1': array([0.34486231, 0.37805616, 0.33498226, 0.35779573, 0.35131995,
       0.36413584, 0.37772096, 0.35225618, 0.33926636, 0.35585493]), 'train_F1': array([0.94225828, 0.94104085, 0.94144739, 0.94122375, 0.94140787,
       0.9410269 , 0.9415313 , 0.94013367, 0.94146751, 0.94018754]), 'test_kappa': array([0.25369431, 0.27680091, 0.22772065, 0.25445764, 0.22924991,
       0.25877167, 0.25440799, 0.22728767, 0.21895536, 0.29844263]), 'train_kappa': array([0.9403093 , 0.9379831 , 0.93883297, 0.9389351 , 0.93826208,
       0.94024473, 0.93881417, 0.93851393, 0.93962436, 0.93776976])}",14.600081915999993
5,Decison_tree_Classifier,"{'fit_time': array([0.08210421, 0.0834527 , 0.08112311, 0.08314395, 0.08195782,
       0.0870111 , 0.0812223 , 0.08193803, 0.08319187, 0.082587  ]), 'score_time': array([0.00605989, 0.00592637, 0.00582671, 0.00605536, 0.00580597,
       0.00593781, 0.00630665, 0.00589299, 0.00585914, 0.00597382]), 'test_F1': array([0.31111898, 0.32537096, 0.30923985, 0.34802618, 0.30075638,
       0.33205511, 0.31839106, 0.33153435, 0.31338473, 0.32256077]), 'train_F1': array([0.94256605, 0.94132041, 0.94177913, 0.94156451, 0.94172392,
       0.94132982, 0.94186741, 0.94047176, 0.94180967, 0.94056522]), 'test_kappa': array([0.18463164, 0.18032287, 0.19268787, 0.210728  , 0.13477305,
       0.18618775, 0.17191334, 0.17057115, 0.17885023, 0.15624835]), 'train_kappa': array([0.93949934, 0.9371518 , 0.93786767, 0.93745784, 0.93763851,
       0.93839633, 0.9374201 , 0.93728058, 0.93811722, 0.93802994])}",1.2805484589999878
6,Gradient_Boost_Classifier,"{'fit_time': array([5.94826603, 5.944242  , 6.00426388, 6.05780029, 5.97931886,
       5.96577215, 6.02090383, 6.07651019, 6.08109498, 5.9710412 ]), 'score_time': array([0.01900387, 0.01530004, 0.01648092, 0.01718497, 0.015275  ,
       0.01553202, 0.01618409, 0.0207119 , 0.01655006, 0.01559377]), 'test_F1': array([0.3674805 , 0.37314425, 0.34940159, 0.35394669, 0.36883075,
       0.3457691 , 0.36610177, 0.36356871, 0.34911968, 0.35076625]), 'train_F1': array([0.40151792, 0.40391613, 0.40631061, 0.40342679, 0.39769532,
       0.40748817, 0.40219314, 0.40384983, 0.40765721, 0.40188629]), 'test_kappa': array([0.33184542, 0.32420071, 0.29814937, 0.28529691, 0.26642093,
       0.2745304 , 0.26352724, 0.29064309, 0.26760048, 0.27626424]), 'train_kappa': array([0.32151996, 0.32567356, 0.33044072, 0.32598911, 0.32943139,
       0.33147945, 0.32959765, 0.3333939 , 0.33456002, 0.32978816])}",61.441351333
7,Support_Vector_Clssifier,"{'fit_time': array([10.60947704, 10.62175202, 10.54489017, 10.57407117, 10.62205386,
       10.63629389, 10.5709641 , 10.70869994, 10.59831405, 10.54926395]), 'score_time': array([2.65262008, 2.6670959 , 2.51733899, 2.61160493, 2.6358583 ,
       2.51188135, 2.62199903, 3.78889394, 2.45762396, 2.70678186]), 'test_F1': array([0.35044067, 0.34041919, 0.32852206, 0.32339796, 0.33589213,
       0.33684268, 0.35895643, 0.34082897, 0.32824108, 0.33856188]), 'train_F1': array([0.40252347, 0.39634908, 0.39485045, 0.39468155, 0.39264459,
       0.40058092, 0.39909334, 0.40664438, 0.3987695 , 0.39344301]), 'test_kappa': array([0.29788897, 0.2998772 , 0.2680302 , 0.24068258, 0.25438773,
       0.25685255, 0.27203031, 0.24629383, 0.26127062, 0.26312293]), 'train_kappa': array([0.32021366, 0.31948108, 0.31913307, 0.31595357, 0.3221517 ,
       0.32269269, 0.32379829, 0.32785594, 0.31887795, 0.32156086])}",368.91050329200004
